1 26 3171 88
2 19 402 3
3 24 1860 29
4 22 483 3
5 21 136 1
6 21 485 4
7 24 1916 33
8 24 2038 35
9 24 690 6
10 24 2164 37
11 23 251 2
12 21 642 5
13 21 439 4
14 22 519 4
15 20 745 6
16 25 1002 10
17 21 449 4
18 20 504 4
19 14 108 1
20 18 221 1
21 27 3949 126
22 16 90 0
23 20 120 1
24 21 548 4
25 20 296 2
26 20 191 1
27 26 1361 17
28 19 247 1
29 23 2120 35
30 26 4055 136
31 22 876 9
32 19 277 2
33 24 1156 12
34 22 692 6
35 25 1787 26
36 26 3268 89
37 26 4331 160
38 19 135 1
39 22 424 3
40 19 423 3
41 24 2491 49
42 24 2944 67
43 15 189 1
44 23 880 8
45 15 50 0
46 24 892 8
47 26 2038 34
48 27 8992 864
49 21 429 3
50 27 5032 213
51 22 388 3
52 22 548 4
53 22 822 7
54 22 1001 10
55 25 1243 13
56 20 478 3
57 18 128 1
58 17 196 2
59 23 620 5
60 24 1772 26
61 10 16 0
62 21 355 3
63 24 1315 16
64 18 273 2
65 20 507 4
66 24 614 5
67 24 1065 12
68 26 4778 186
69 26 2374 44
70 25 1033 12
71 29 9364 787
72 24 950 9
73 26 2262 40
74 22 451 4
75 21 696 6
76 22 350 3
77 22 384 2
78 21 603 5
79 15 78 0
80 25 2013 33
81 23 976 9
82 21 932 9
83 24 2180 38
84 25 2103 36
85 23 1745 26
86 26 4350 150
87 23 955 9
88 22 864 8
89 25 2303 41
90 22 276 1
91 19 387 2
92 21 277 2
93 21 257 1
94 9 13 0
95 22 582 5
96 17 210 1
97 25 2555 49
98 21 494 3
99 24 1316 16
100 26 3331 87
101 24 922 9
102 20 240 1
103 17 116 1
104 23 2256 41
105 20 242 1
106 19 247 2
107 17 148 1
108 25 906 9
109 17 214 2
110 22 1104 12
111 19 187 1
112 25 1834 28
113 20 282 1
114 22 1180 13
115 22 976 10
116 24 1327 16
117 18 325 2
118 20 445 3
119 21 509 4
120 21 273 2
121 20 225 1
122 22 873 9
123 25 1246 14
124 25 1811 27
125 26 2507 48
126 26 2729 58
127 26 1150 12
128 17 64 0
129 17 98 0
130 20 236 3
131 23 1425 18
132 23 2204 38
133 23 447 3
134 17 105 0
135 19 609 7
136 15 85 0
137 19 270 2
138 23 1054 11
139 19 479 4
140 23 435 3
141 19 250 2
142 22 1113 12
143 22 1060 12
144 23 1377 17
145 24 1106 12
146 22 307 2
147 24 535 4
148 28 4031 134
149 23 559 4
150 27 4817 197
151 25 2306 40
152 24 1110 12
153 27 3670 112
154 24 1229 17
155 19 429 3
156 26 927 9
157 22 678 6
158 18 437 3
159 26 1215 13
160 20 379 3
161 16 131 1
162 25 1075 12
163 28 3734 114
164 21 261 1
165 24 2012 33
166 25 2613 56
167 26 2216 39
168 19 229 1
169 18 134 1
170 26 3869 122
171 23 1142 14
172 18 136 1
173 17 223 1
174 19 334 2
175 22 935 9
176 21 485 4
177 25 1360 17
178 20 474 3
179 19 477 3
180 23 948 10
181 17 137 1
182 21 131 1
183 24 1814 29
184 20 507 3
185 28 3933 127
186 20 705 6
187 24 1358 16
188 22 266 2
189 29 8051 586
190 21 961 10
191 26 2781 60
192 26 1228 15
193 24 725 7
194 23 667 5
195 19 224 1
196 23 424 2
197 25 1963 31
198 22 514 4
199 21 408 3
200 24 1541 21
201 27 3420 91
202 26 2068 33
203 23 946 10
204 20 236 1
205 29 9716 875
206 25 3465 99
207 24 1900 31
208 21 491 4
209 24 2321 43
210 18 312 2
211 18 270 2
212 26 2506 49
213 25 2329 44
214 23 266 2
215 24 597 5
216 29 3676 112
217 21 1052 13
218 24 1558 22
219 22 874 8
220 19 388 3
221 25 1963 32
222 22 1049 11
223 21 584 5
224 22 425 3
225 12 63 0
226 23 292 1
227 25 2142 36
228 21 251 2
229 20 597 5
230 22 934 9
231 28 4750 181
232 26 2010 33
233 20 494 3
234 14 41 0
235 16 42 0
236 18 233 2
237 26 1896 29
238 23 921 10
239 23 1064 12
240 19 235 1
241 28 4827 197
242 22 811 8
243 24 2454 46
244 25 3764 118
245 22 691 5
246 26 2024 33
247 18 290 2
248 23 1257 15
249 21 353 2
250 28 1310 15
251 15 120 0
252 19 237 1
253 21 582 4
254 23 1785 26
255 22 610 5
256 25 1431 18
257 22 948 9
258 12 45 1
259 19 249 2
260 19 216 1
261 21 1017 11
262 22 896 8
263 24 1862 29
264 18 130 1
265 16 136 1
266 24 940 10
267 25 1923 31
268 20 527 4
269 26 2282 43
270 26 2106 36
271 18 68 0
272 22 549 4
273 18 211 1
274 24 1814 28
275 18 232 1
276 20 472 4
277 17 171 1
278 27 6821 407
279 25 4102 138
280 22 414 3
281 28 7310 492
282 23 1805 28
283 24 1813 27
284 18 151 1
285 22 757 6
286 25 2073 34
287 27 6612 402
288 23 561 5
289 22 481 3
290 18 169 1
291 13 27 0
292 24 514 4
293 19 318 2
294 18 414 3
295 21 276 2
296 20 355 2
297 26 5544 266
298 22 473 4
299 28 8896 717
300 23 1486 20
301 25 2405 44
302 26 2410 44
303 18 196 1
304 24 1446 18
305 22 986 10
306 21 330 2
307 12 42 0
308 11 36 0
309 20 284 2
310 24 2210 44
311 19 226 1
312 21 1322 16
313 20 480 4
314 22 217 1
315 19 218 1
316 24 1206 13
317 23 901 9
318 18 139 1
319 22 312 2
320 22 1875 31
321 23 353 3
322 26 1792 26
323 23 851 8
324 22 137 1
325 24 1338 16
326 23 1796 27
327 20 253 1
328 27 3906 125
329 24 1249 14
330 19 448 4
331 22 1134 13
332 22 661 5
333 22 570 5
334 28 7207 438
335 22 252 1
336 24 475 4
337 20 420 3
338 24 1058 10
339 25 4421 164
340 24 597 4
341 27 4291 152
342 24 827 7
343 16 154 1
344 21 158 1
345 26 1871 28
346 22 886 8
347 24 818 7
348 23 1407 17
349 28 2317 42
350 26 1913 30
351 23 884 9
352 24 2503 52
353 26 894 8
354 26 1625 23
355 24 949 10
356 17 189 1
357 22 717 6
358 27 2046 32
359 22 1309 16
360 23 1218 14
361 22 235 1
362 24 548 4
363 17 43 0
364 27 8767 662
365 16 46 1
366 25 1652 23
367 21 636 6
368 22 556 4
369 22 1182 14
370 24 1213 15
371 18 184 1
372 24 1471 19
373 24 2514 50
374 23 1015 11
375 24 1910 31
376 23 464 4
377 26 1180 13
378 20 306 2
379 25 1878 29
380 24 1998 32
381 19 231 2
382 24 918 9
383 27 3872 270
384 22 520 5
385 27 1954 30
386 21 452 5
387 25 1765 25
388 26 1302 15
389 26 1041 10
390 26 2104 35
391 21 899 9
392 22 899 9
393 25 1363 17
394 20 270 1
395 20 118 1
396 22 955 9
397 23 777 7
398 13 84 0
399 24 931 9
400 25 1140 12
401 26 2649 56
402 25 3758 112
403 25 3023 73
404 21 523 3
405 26 3808 118
406 23 2280 42
407 17 179 1
408 23 964 9
409 28 4750 182
410 15 92 0
411 18 251 1
412 18 82 0
413 22 1112 12
414 20 474 3
415 23 892 9
416 23 1027 11
417 23 605 5
418 17 209 1
419 20 73 1
420 22 373 2
421 17 132 1
422 23 605 5
423 22 882 8
424 16 64 0
425 24 1074 11
426 20 463 4
427 20 448 4
428 28 4359 157
429 21 490 4
430 26 2700 57
431 22 1137 13
432 20 455 4
433 22 635 5
434 15 190 1
435 24 2422 47
436 24 288 2
437 24 1004 10
438 20 244 2
439 21 631 5
440 21 440 3
441 25 2419 46
442 22 1056 12
443 21 572 5
444 21 429 3
445 24 752 6
446 22 575 5
447 26 2257 39
448 24 2688 56
449 22 255 1
450 23 953 9
451 22 1090 12
452 21 152 1
453 26 3970 127
454 26 1531 21
455 21 572 4
456 25 1804 26
457 27 4538 174
458 16 101 0
459 16 34 0
460 25 4322 152
461 23 447 3
462 25 951 9
463 17 126 0
464 25 566 5
465 24 1121 12
466 26 2935 68
467 23 1239 14
468 20 209 1
469 23 971 9
470 22 607 5
471 21 489 4
472 20 229 2
473 24 1385 17
474 27 4242 148
475 26 4706 189
476 17 177 1
477 23 676 5
478 24 2066 35
479 22 481 3
480 21 695 5
481 21 599 5
482 20 281 2
483 27 3599 105
484 26 3829 119
485 23 887 8
486 26 2459 48
487 23 916 9
488 21 839 10
489 25 3561 102
490 21 481 3
491 23 1043 10
492 20 132 1
493 25 1396 17
494 25 2184 39
495 20 232 1
496 16 202 1
497 22 959 9
498 24 1158 13
499 21 511 4
500 27 2004 31
501 21 425 3
502 20 389 2
503 26 3924 121
504 19 241 2
505 23 895 9
506 24 1893 29
507 21 1069 14
508 19 81 0
509 27 1945 30
510 18 309 2
511 20 574 5
512 16 204 1
513 24 2556 50
514 24 2125 37
515 20 478 3
516 25 2261 40
517 17 233 1
518 21 657 5
519 21 469 4
520 25 2410 46
521 25 1935 30
522 20 312 2
523 27 1813 26
524 20 188 1
525 24 1019 11
526 22 947 9
527 16 108 1
528 20 215 1
529 24 750 7
530 23 1685 23
531 21 613 5
532 24 517 4
533 22 964 10
534 19 300 2
535 24 462 4
536 24 1316 16
537 15 54 0
538 22 263 1
539 19 302 2
540 24 887 9
541 23 1009 11
542 24 619 5
543 21 244 1
544 25 2395 43
545 22 1343 16
546 29 4077 135
547 21 580 5
548 23 798 7
549 23 1965 31
550 24 946 9
551 18 162 1
552 26 4416 162
553 23 1135 13
554 27 3976 127
555 18 212 1
556 20 733 6
557 20 233 1
558 27 4065 138
559 25 4019 135
560 26 2590 52
561 20 236 2
562 21 415 3
563 24 1530 20
564 26 2184 39
565 23 942 9
566 19 230 2
567 20 495 4
568 26 612 5
569 26 1690 24
570 21 313 2
571 20 502 3
572 25 2219 37
573 21 201 2
574 18 239 1
575 27 1079 11
576 18 198 1
577 23 870 8
578 25 2656 53
579 28 2043 31
580 22 1044 10
581 26 2307 41
582 23 1063 11
583 20 353 3
584 20 950 10
585 24 1257 15
586 25 1534 20
587 27 4869 198
588 20 420 3
589 20 374 2
590 22 699 6
591 23 305 1
592 23 1353 17
593 24 1006 12
594 17 142 1
595 18 54 0
596 20 419 3
597 27 4714 199
598 17 51 1
599 23 302 2
600 16 112 0
601 28 2202 38
602 21 581 4
603 23 699 5
604 26 2598 53
605 15 81 1
606 24 2192 39
607 16 248 1
608 25 955 9
609 23 454 3
610 23 1204 14
611 25 1814 27
612 25 2301 42
613 27 3735 113
614 24 936 9
615 22 134 1
616 24 635 5
617 28 8928 696
618 21 562 4
619 22 861 8
620 16 91 1
621 25 974 9
622 25 932 9
623 21 472 3
624 21 533 5
625 20 423 3
626 22 295 2
627 19 80 0
628 18 292 1
629 24 1469 19
630 17 233 1
631 15 56 0
632 25 610 5
633 21 613 4
634 23 462 4
635 25 1954 30
636 24 1420 18
637 18 129 1
638 16 64 1
639 28 5060 219
640 27 2244 39
641 19 303 2
642 25 941 10
643 20 217 1
644 19 469 4
645 26 4477 166
646 20 457 3
647 20 338 3
648 23 1084 11
649 20 571 4
650 23 903 8
651 21 330 2
652 24 1254 15
653 19 111 1
654 25 1916 29
655 19 275 2
656 23 902 9
657 18 329 2
658 25 1892 29
659 23 562 4
660 23 583 4
661 15 104 0
662 26 2999 70
663 18 283 2
664 22 532 4
665 22 276 1
666 23 420 3
667 22 337 2
668 21 448 3
669 23 1032 11
670 21 270 1
671 20 290 1
672 23 905 9
673 22 445 3
674 24 997 10
675 25 1318 16
676 23 921 10
677 22 63 0
678 26 2340 43
679 22 1685 25
680 25 1998 34
681 22 1082 12
682 24 969 10
683 18 103 1
684 21 421 3
685 21 324 2
686 26 1809 152
687 26 1756 26
688 24 633 5
689 24 1818 28
690 25 1330 16
691 24 1928 30
692 20 294 2
693 22 456 3
694 22 871 8
695 23 899 8
696 21 938 9
697 25 2193 41
698 23 445 3
699 26 1920 32
700 25 1907 30
701 28 4887 204
702 20 292 2
703 22 726 6
704 22 919 9
705 17 122 1
706 19 168 1
707 24 1917 29
708 24 1416 18
709 24 517 4
710 26 3719 111
711 26 4817 187
712 23 511 4
713 13 39 1
714 18 348 2
715 18 120 1
716 24 852 8
717 23 682 5
718 26 663 6
719 25 2245 45
720 21 485 3
721 22 829 8
722 22 557 5
723 15 161 1
724 23 786 7
725 21 348 2
726 21 108 1
727 28 5394 248
728 20 456 3
729 18 169 1
730 25 2864 62
731 21 879 9
732 24 1356 17
733 17 185 1
734 26 4039 131
735 26 3949 127
736 28 8042 575
737 16 112 0
738 20 209 1
739 19 518 4
740 18 117 1
741 14 35 0
742 22 1214 13
743 25 2600 54
744 24 934 10
745 22 239 1
746 18 217 1
747 22 547 5
748 23 956 10
749 26 1877 31
750 24 1009 10
751 20 520 4
752 23 1163 13
753 22 687 6
754 23 427 3
755 25 2098 35
756 24 1089 11
757 15 78 0
758 25 2834 64
759 18 214 2
760 19 283 2
761 20 430 3
762 21 912 9
763 28 1310 15
764 22 1052 11
765 12 23 0
766 26 2294 42
767 22 473 4
768 29 9256 764
769 20 302 2
770 19 127 1
771 13 24 0
772 23 1562 22
773 26 4238 146
774 19 112 1
775 16 101 1
776 26 1970 32
777 18 237 2
778 25 457 3
779 24 1127 12
780 19 395 3
781 21 728 7
782 24 856 8
783 18 169 1
784 21 676 6
785 24 2011 33
786 23 355 2
787 21 482 4
788 26 2355 41
789 24 928 9
790 21 493 4
791 25 1069 11
792 9 20 0
793 23 550 4
794 19 480 4
795 28 3802 118
796 24 1788 26
797 27 1535 19
798 20 558 5
799 22 504 4
800 18 200 1
801 28 5607 258
802 24 1035 11
803 18 53 0
804 19 557 5
805 26 1576 21
806 15 71 1
807 12 32 0
808 23 462 3
809 15 149 0
810 18 227 1
811 21 591 4
812 26 1318 16
813 23 1281 15
814 22 943 10
815 22 454 3
816 22 1077 12
817 26 1261 15
818 25 3061 75
819 18 193 1
820 23 907 9
821 23 1034 11
822 24 1493 18
823 17 189 1
824 20 214 1
825 24 1112 12
826 23 1856 29
827 26 1007 10
828 25 2389 46
829 21 242 1
830 18 222 1
831 24 2244 42
832 18 253 1
833 20 415 2
834 21 496 4
835 28 4451 164
836 24 2284 41
837 20 516 4
838 18 256 2
839 22 659 6
840 25 1753 27
841 20 473 3
842 21 655 5
843 27 1907 29
844 23 236 2
845 23 1043 11
846 26 3152 76
847 24 2460 47
848 24 1440 19
849 25 2462 49
850 18 149 1
851 27 2332 42
852 24 1185 14
853 27 4366 153
854 12 13 0
855 23 200 1
856 23 1860 28
857 25 2060 33
858 23 1144 13
859 22 306 2
860 22 1061 12
861 22 241 1
862 17 208 1
863 24 2188 37
864 23 1978 32
865 24 949 9
866 24 1518 20
867 21 736 7
868 19 129 0
869 24 2013 32
870 24 1714 25
871 22 446 3
872 20 244 1
873 17 251 1
874 22 644 6
875 21 471 3
876 24 515 3
877 24 1374 16
878 23 2081 35
879 26 2114 37
880 24 521 4
881 22 522 4
882 20 264 2
883 25 1085 12
884 25 2314 42
885 22 831 8
886 18 229 1
887 25 464 3
888 20 265 2
889 23 991 10
890 21 582 4
891 22 503 4
892 21 488 4
893 22 282 2
894 18 341 2
895 25 1140 12
896 22 270 1
897 26 4019 136
898 24 482 4
899 24 1475 20
900 24 650 6
901 14 60 0
902 22 1302 15
903 24 1364 16
904 24 1151 13
905 16 47 0
906 22 477 4
907 22 1164 13
908 23 1201 14
909 19 500 3
910 23 555 5
911 23 733 6
912 26 2062 34
913 22 597 5
914 20 222 1
915 19 201 2
916 7 7 0
917 26 1267 15
918 27 5322 239
919 21 955 9
920 25 1260 15
921 23 1728 26
922 24 2046 33
923 20 212 2
924 24 1961 30
925 24 1151 13
926 22 306 2
927 20 418 3
928 23 237 1
929 20 557 4
930 23 884 11
931 21 826 8
932 19 217 2
933 24 915 9
934 18 222 2
935 22 359 2
936 25 1024 11
937 25 2012 32
938 22 653 5
939 24 1022 11
940 22 611 8
941 24 944 10
942 22 732 6
943 27 4879 197
944 22 585 5
945 16 69 1
946 28 4787 194
947 25 1936 31
948 21 588 5
949 20 242 2
950 24 3200 80
951 22 472 4
952 24 912 9
953 21 1063 12
954 24 1198 14
955 21 679 6
956 21 464 3
957 21 207 1
958 24 2105 36
959 24 1551 21
960 25 711 60
961 18 240 2
962 23 878 9
963 25 2703 56
964 18 61 1
965 18 256 1
966 24 2789 62
967 18 372 2
968 19 296 2
969 21 449 3
970 24 1229 14
971 22 417 2
972 24 937 9
973 20 448 3
974 27 2690 57
975 15 124 0
976 22 734 7
977 21 1154 13
978 23 1643 23
979 11 26 0
980 20 282 2
981 20 294 1
982 29 7897 553
983 19 591 4
984 24 813 7
985 23 987 10
986 26 1860 29
987 22 304 2
988 22 935 10
989 20 391 3
990 27 3694 114
991 25 2580 52
992 28 3679 110
993 24 2369 44
994 23 259 2
995 16 107 1
996 16 127 1
997 24 916 9
998 18 248 2
999 26 1865 27
1000 24 954 10
