1
2 19 676275 3612
3
4
5
6
7
8
9
10
11
12
13
14
15
16
17
18
19 14 25700 108
20 18 212672 1010
21
22 16 38898 163
23
24
25
26
27
28 17 47671 204
29
30
31
32 19 567997 2689
33
34
35
36
37
38 19 156672 816
39
40
41
42
43 15 39625 166
44
45 15 4590 19
46
47
48
49
50
51
52
53
54
55
56
57 18 88740 383
58 17 97259 656
59
60
61 10 84 0
62
63
64 18 124688 554
65
66
67
68
69
70
71
72
73
74
75
76
77
78
79 15 24425 103
80
81
82
83
84
85
86
87
88
89
90
91 19 640190 3143
92
93
94 9 59 1
95
96 17 75267 412
97
98
99
100
101
102 20 785275 3889
103 17 147587 760
104
105
106 19 451729 2256
107 17 49037 207
108
109 17 49504 325
110
111 19 644575 3150
112
113 18 74144 317
114
115
116
117 18 339071 1581
118
119
120
121
122
123
124
125
126
127
128 17 50391 347
129 17 59294 346
130
131
132
133
134 17 79205 616
135
136 15 5668 24
137
138
139
140
141
142
143
144
145
146
147
148
149
150
151
152
153
154
155 17 41027 171
156
157
158 18 312482 1779
159
160 20 643068 3510
161 16 101022 537
162
163
164
165
166
167
168 19 693131 3569
169 18 162637 890
170
171
172 18 107049 538
173 17 357530 1707
174 19 668952 3417
175
176
177
178
179
180
181 17 54094 231
182
183
184 20 668203 3502
185
186
187
188
189
190
191
192
193
194
195 19 748948 3673
196
197
198
199
200
201
202
203
204 20 799498 3863
205
206
207
208
209
210 18 307813 1630
211 18 308711 1645
212
213
214
215
216
217
218
219
220 19 168638 841
221
222
223
224
225 12 4984 21
226
227
228 19 234325 1159
229
230
231
232
233
234 14 2926 12
235 16 10997 45
236 18 412674 2196
237
238
239
240
241
242
243
244
245 20 699020 3632
246
247 18 327322 1724
248
249
250
251 15 43535 253
252
253
254
255
256
257
258 12 1145 4
259 19 421113 2267
260 19 314058 1605
261
262
263
264 18 102934 599
265 16 48074 204
266
267
268
269
270
271 18 80488 423
272
273 18 302095 1715
274
275 18 220664 1110
276
277 17 53647 229
278
279
280
281
282
283
284 18 79795 337
285
286
287
288
289
290 18 625628 3305
291 13 666 3
292
293 19 495285 2634
294 18 354311 1855
295
296
297
298
299
300
301
302
303 18 560379 2809
304
305
306
307 12 316 2
308 11 1856 8
309 20 622064 3178
310
311 19 652219 3379
312
313
314
315 19 273582 1390
316
317
318 18 75488 507
319
320
321
322
323
324
325
326
327
328
329
330
331
332
333
334
335
336
337
338
339
340
341
342
343 16 240125 1242
344
345
346
347
348
349
350
351
352
353
354
355
356 17 84966 433
357
358
359
360
361
362
363 17 20209 84
364
365 16 15269 64
366
367
368
369
370
371 18 143809 835
372
373
374
375
376
377
378
379
380
381
382
383
384
385
386
387
388
389
390
391
392
393
394
395 20 301324 1624
396
397
398 13 18273 76
399
400
401
402
403
404
405
406
407 17 216028 1100
408
409
410 15 20684 87
411 18 666716 3511
412 18 39127 191
413
414
415
416
417
418 17 439037 2356
419 20 367606 1902
420
421 17 57446 293
422
423
424 16 9874 41
425
426
427
428
429
430
431
432
433
434 15 10790 45
435
436
437
438
439
440
441
442
443
444
445
446
447
448
449
450
451
452
453
454
455
456
457
458 16 35598 152
459 16 12030 57
460
461
462
463 17 140187 719
464
465
466
467
468
469
470
471
472 20 525746 2457
473
474
475
476 17 38236 160
477
478
479
480
481
482 20 714591 3585
483
484
485
486
487
488
489
490 19 375678 1849
491
492
493
494
495 20 724138 3667
496 16 258253 1429
497
498
499
500
501
502
503
504 19 388923 2036
505
506
507
508 19 164827 912
509
510 18 343402 1863
511
512 16 61544 429
513
514
515 20 699141 3691
516
517 17 201891 879
518
519
520
521
522
523
524
525
526
527 16 21614 90
528 18 82575 544
529
530
531
532
533
534
535
536
537 15 9386 39
538
539
540
541
542
543 19 167138 856
544
545
546
547 19 713693 3716
548
549
550
551 18 180247 992
552
553
554
555 18 295831 1571
556
557
558
559
560
561
562
563
564
565
566 19 484632 2524
567 20 646390 3316
568
569
570
571
572
573
574 18 438115 2158
575
576 16 38090 251
577
578
579
580
581
582
583 20 704132 3490
584
585
586
587
588
589
590 20 590203 3014
591
592
593
594 17 50631 220
595 18 35979 239
596
597
598 17 27616 204
599
600 16 43734 185
601
602
603
604
605 15 5290 22
606
607 16 156409 896
608
609
610
611
612
613
614
615
616
617
618
619
620 16 9372 38
621
622
623
624
625
626
627 19 319035 1500
628 18 95589 615
629
630 17 201891 1133
631 15 13377 56
632
633
634
635
636
637 18 206728 967
638 16 12632 54
639
640
641 19 454682 2336
642
643 20 752730 3579
644 19 634002 3225
645
646
647
648
649
650
651
652
653 19 147242 754
654
655 19 671223 3446
656
657 18 253291 1302
658
659
660
661 15 12724 54
662
663 18 200429 874
664
665
666
667
668
669
670
671
672
673
674
675
676
677
678
679
680
681
682
683 18 47298 199
684
685
686
687
688
689
690
691
692
693
694
695
696
697
698
699
700
701
702
703
704
705 17 43510 181
706 19 296806 1537
707
708
709
710
711
712
713 13 1807 7
714 18 293631 1526
715 18 144583 758
716
717
718
719
720
721
722
723 15 83542 530
724
725
726
727
728
729 18 274709 1439
730
731
732
733 17 144553 834
734
735
736
737 16 81888 540
738
739
740 18 45960 194
741 14 2248 13
742
743
744
745
746 18 162488 942
747
748
749
750
751
752
753
754
755
756
757 15 4700 20
758
759 18 346574 1710
760 19 391777 1842
761
762
763
764
765 12 615 2
766
767
768
769 20 677410 3439
770 19 154925 745
771 13 530 2
772
773
774 19 303140 1417
775 16 31684 134
776
777
778
779
780
781
782
783 18 195587 864
784
785
786
787
788
789
790
791
792 9 178 1
793
794
795
796
797
798
799
800 18 83713 489
801
802
803 18 61094 269
804
805
806 15 6242 26
807 12 865 4
808 21 575409 2815
809 15 47859 315
810 18 159301 850
811
812
813
814
815
816
817
818
819 16 40616 172
820
821
822
823 17 206964 1008
824 20 672045 3374
825
826
827
828
829
830 18 327274 1849
831
832 18 153107 727
833 20 649656 3178
834
835
836
837 20 753189 3726
838 18 425032 2296
839
840
841
842
843
844
845
846
847
848
849
850 18 148011 828
851
852
853
854 12 151 1
855
856
857
858
859
860
861
862 17 281552 1478
863
864
865
866
867
868 19 294082 1362
869
870
871
872 18 223125 1142
873 17 360828 1768
874
875
876
877
878
879
880
881
882 20 615501 3068
883
884
885
886 18 292400 1523
887
888 20 315540 1592
889
890
891
892
893
894 18 518765 2551
895
896
897
898
899
900
901 14 5323 25
902
903
904
905 16 10953 46
906
907
908
909
910
911
912
913
914
915 19 341363 1745
916 7 7 0
917
918
919
920
921
922
923
924
925
926
927
928
929
930
931
932
933
934 18 175442 902
935
936
937
938
939
940
941
942
943
944
945 16 15743 65
946
947
948
949
950
951
952
953
954
955
956
957
958
959
960
961 18 591500 3091
962
963
964 18 57385 404
965 18 287132 1445
966
967 18 365175 1684
968 19 647868 2998
969
970
971
972
973
974
975 15 13910 58
976
977
978
979 11 595 3
980
981
982
983
984
985
986
987
988
989
990
991
992
993
994
995 16 55333 238
996 16 11834 147
997
998 18 214506 1075
999
1000
