1 26 194845 917
2 19 41521 179
3 24 311481 1423
4 22 4967 21
5 21 204 0
6 21 27335 219
7 24 794320 3784
8
9 24 12931 55
10 24 612818 2941
11 23 366 1
12 21 101133 556
13 21 5189 29
14 22 20487 86
15 20 75961 482
16 23 1001 4
17 21 11393 50
18 20 191385 950
19 14 5289 23
20 18 1795 7
21 25 40897 170
22 16 5425 23
23 20 1266 5
24 21 60428 268
25 20 1447 6
26 20 336 1
27 26 161920 841
28 17 720 3
29 23 655578 3216
30
31 20 6675 28
32 19 4307 18
33 24 104822 453
34 22 61134 258
35 25 153091 765
36 26 701664 3333
37
38 19 809 3
39 22 1728 7
40 19 23132 97
41
42
43 15 11443 52
44 23 37133 156
45 15 214 1
46 24 56527 388
47 26 387615 1793
48
49 21 11116 46
50
51 22 748 3
52 22 3187 13
53 22 24074 101
54 20 40503 171
55 25 20729 87
56 20 90131 386
57 18 1448 6
58 17 777 4
59 23 55910 235
60 24 365260 1846
61 10 16 0
62 21 10365 44
63 24 94186 553
64 18 3379 13
65 20 44645 189
66 24 14953 63
67 24 58797 254
68
69 26 197713 1013
70 25 11822 50
71
72 24 20489 86
73 26 68500 292
74 22 107201 586
75 21 266134 1303
76 22 3415 14
77 22 3288 14
78 21 224691 968
79 15 437 2
80 25 179918 777
81 23 40409 276
82 21 775276 3726
83 24 164968 844
84
85 23 624827 3110
86
87 23 20602 87
88 22 42905 183
89 25 562053 2801
90 22 9772 41
91 19 7848 33
92 21 3573 15
93 21 973 4
94 9 13 0
95 22 29194 134
96 17 9120 38
97 25 314893 1483
98 21 44603 189
99 24 87424 375
100 24 221282 1020
101 24 6890 29
102 20 6376 27
103 17 3012 13
104
105 20 5290 34
106 19 1362 6
107 17 3562 15
108 25 20225 85
109 17 6270 26
110 22 75017 320
111 19 12244 51
112 25 698173 3411
113 18 1165 5
114 22 88917 503
115 22 170422 729
116 24 23826 100
117 18 78026 331
118 20 63938 270
119 21 5196 22
120 21 4510 19
121 20 26872 249
122 20 10406 44
123 25 42469 182
124 25 157351 884
125
126 26 303660 1487
127 26 22919 99
128 17 356 2
129 17 846 4
130 20 1349 5
131 21 41122 339
132
133 23 3338 16
134 17 418 3
135 19 296443 1427
136 15 683 2
137 19 14278 60
138 23 148414 793
139 19 96613 533
140 23 6074 25
141 19 11370 47
142 22 209193 1105
143 22 199461 1024
144 21 51487 218
145 24 181888 894
146 22 6040 27
147 24 11984 50
148
149 23 28064 168
150 27 602071 3077
151
152 24 10201 42
153 27 412630 2124
154 24 176659 976
155 17 859 4
156 26 24137 102
157 22 26322 112
158 18 37206 168
159 26 22206 93
160 20 14118 69
161 16 1202 5
162 25 12753 53
163 28 327297 1742
164 21 1523 6
165 24 196383 1126
166
167
168 19 5293 25
169 18 2721 12
170 24 395446 2033
171 23 329981 1757
172 18 2059 8
173 17 11753 50
174 19 13033 54
175 22 92059 488
176 21 13476 57
177 25 65605 409
178 20 29750 126
179 19 56336 239
180 23 86498 369
181 17 2639 11
182 21 530 2
183 24 666129 3205
184 20 78680 531
185 28 186677 852
186 20 78362 402
187 24 46622 196
188 22 1754 7
189
190 21 434704 2247
191
192 26 23120 192
193 24 85496 517
194 23 5843 24
195 19 3750 16
196 21 196 0
197 25 244665 1185
198 22 10324 43
199 21 46476 196
200 24 197016 982
201 27 91962 520
202 26 23328 98
203 23 29986 128
204 20 3175 13
205
206 23 157391 1026
207
208 21 53764 228
209 24 448767 2414
210 18 17594 73
211 18 11502 49
212 26 190433 1122
213 25 503614 2674
214 23 404 2
215 24 42511 180
216 29 84339 443
217 21 338868 1724
218 24 79220 490
219 22 79021 406
220 19 6355 26
221 25 332476 1730
222 22 183840 1036
223 21 55871 343
224 22 11614 49
225 12 789 3
226 23 370 2
227
228 19 843 3
229 20 61122 426
230 22 25010 195
231 26 44966 190
232 26 740071 3791
233 20 29324 222
234 14 98 1
235 16 44 0
236 18 4746 23
237
238 23 40745 175
239 23 112953 646
240 19 25469 107
241
242 22 43940 186
243
244
245 20 1488 7
246 26 312176 1681
247 18 28194 121
248 23 327394 1645
249 21 2572 10
250 28 25879 108
251 15 3048 13
252 19 11454 179
253 21 134990 746
254
255 22 13415 56
256 25 22712 95
257 20 6064 26
258 12 118 1
259 19 3074 12
260 19 1318 6
261 21 246226 1334
262 22 116895 571
263 24 441167 2148
264 18 758 3
265 16 2474 11
266 24 89019 471
267 25 510137 2602
268 20 217210 1262
269 26 77491 393
270 26 176948 1086
271 18 149 0
272 22 49228 209
273 18 25567 118
274 24 45451 253
275 18 14232 59
276 20 19732 84
277 17 794 3
278
279 23 399647 2009
280 22 6211 26
281
282 23 654973 3439
283 24 180073 868
284 18 369 1
285 22 15429 64
286
287
288 23 43366 182
289 22 26393 111
290 18 9428 47
291 13 34 1
292 24 9545 41
293 19 10453 45
294 18 132865 752
295 21 1596 6
296 20 31577 133
297
298 22 4276 18
299
300 23 436465 2272
301 23 31287 132
302 26 200705 1124
303 18 20718 186
304 24 257800 1412
305 20 20905 88
306 21 2570 10
307 12 158 0
308 11 341 1
309 20 4652 25
310 24 551543 2711
311 19 6159 30
312
313 20 6863 29
314 22 750 3
315 19 2573 11
316 24 29252 126
317 23 42024 180
318 18 1975 9
319 22 472 2
320
321 23 686 2
322 26 723851 3715
323 23 82989 487
324 22 568 3
325 24 108270 519
326 23 700579 3394
327 20 1291 5
328
329 24 50825 214
330 19 55687 236
331 22 346139 1712
332 22 51290 309
333 22 26908 114
334
335 22 789 3
336 24 6835 29
337 20 5638 24
338 24 23779 101
339
340 24 3773 15
341
342 24 3565 15
343 16 25502 108
344 21 438 2
345 26 267215 1293
346 22 180793 883
347 24 12908 54
348 23 184340 936
349 28 151590 844
350 26 227502 1257
351 23 216991 1028
352 24 293580 1466
353 26 23922 101
354 26 245439 1321
355 24 110567 597
356 17 4003 17
357 22 13723 61
358 27 94423 654
359
360 23 142180 806
361 22 15114 63
362 24 14888 62
363 17 80 0
364
365 16 54 1
366 25 19786 84
367 21 50432 303
368 22 35870 150
369 22 133770 793
370 24 22069 95
371 18 3808 16
372 24 359345 1809
373
374 23 89784 546
375 24 709965 3394
376 23 23766 100
377 26 7672 32
378 20 10106 43
379 23 14382 60
380
381 19 4124 17
382 24 14661 62
383
384 22 81321 505
385 27 83002 531
386 21 8547 129
387 25 49100 208
388 26 23878 103
389 26 43750 190
390 26 319585 1844
391 21 428136 2218
392 22 23510 98
393 25 100441 585
394 20 7991 34
395 20 136 1
396 22 67900 355
397 23 7055 30
398 13 10275 43
399 24 97280 556
400 25 27683 116
401
402
403 23 312160 1534
404 21 4901 21
405
406
407 17 8121 34
408 23 164590 810
409 26 44966 284
410 15 631 2
411 18 25058 122
412 18 112 0
413 22 382364 2005
414 20 11278 47
415 23 208133 1145
416 23 81674 474
417 23 6275 26
418 17 35734 152
419 20 221 1
420 22 3179 16
421 17 992 4
422 21 1252 6
423 22 44362 335
424 16 72 0
425 24 24680 105
426 20 12565 56
427 20 14851 63
428 28 366685 1937
429 21 52594 320
430
431 22 79818 502
432 20 25887 112
433 22 38634 163
434 15 7740 33
435
436 24 1357 6
437 24 453377 2208
438 20 6323 27
439 21 36008 152
440 21 1234 5
441
442 22 90915 531
443 21 235275 1154
444 21 57872 495
445 24 11088 46
446 22 10110 45
447 26 167154 948
448
449 22 524 2
450 23 168525 969
451 22 300075 1576
452 21 439 2
453
454 26 46985 199
455 21 40997 172
456 25 103717 519
457 25 164147 898
458 16 580 2
459 16 34 0
460
461 21 735 3
462 25 59335 251
463 17 2529 10
464 25 3050 13
465 24 348590 1891
466
467 23 551369 2758
468 20 3904 16
469 21 22773 96
470 22 5599 24
471 21 191915 943
472 20 5645 24
473 24 120962 674
474
475
476 17 1403 6
477 23 12861 56
478 24 503903 2386
479 22 31388 132
480 21 51154 216
481 21 13280 56
482 20 1552 6
483 27 98142 515
484 24 598429 2899
485 23 20001 87
486 26 338793 1694
487 23 125689 665
488 21 221209 1053
489
490 19 1302 5
491 23 21404 90
492 20 3104 13
493 25 73372 311
494
495 20 1870 8
496 16 39607 170
497 20 123644 806
498 24 83011 531
499 21 4906 20
500 27 67019 341
501 21 57648 246
502 20 60390 253
503
504 19 6330 28
505 23 254209 1408
506 24 248612 1375
507 21 628684 3176
508 19 169 1
509 25 3655 15
510 18 44404 186
511 20 9449 40
512 16 4756 23
513 22 404344 2125
514
515 20 43727 190
516 25 333021 1738
517 17 22948 97
518 21 50019 213
519 21 1395 6
520 25 305861 1556
521 25 429984 2261
522 20 11856 50
523 27 158926 809
524 20 208 0
525 24 44602 188
526 20 10724 45
527 16 408 1
528 18 201 1
529 24 27260 114
530 23 297798 1402
531 21 48318 204
532 24 12364 52
533 22 162404 808
534 19 11994 50
535 24 1795 7
536 24 360241 1761
537 15 92 0
538 22 3320 14
539 19 23841 100
540 24 8113 34
541 23 238786 1150
542 24 4505 19
543 19 202 0
544 25 380679 1942
545 22 169021 829
546 29 115569 646
547 19 3311 14
548 23 20650 86
549
550 24 202756 1095
551 18 777 3
552
553 23 383199 1972
554 25 381827 2101
555 18 3117 13
556 20 189771 914
557 20 762 3
558 27 642352 3261
559
560 26 315636 1683
561 20 5519 23
562 21 1348 5
563 24 347024 1847
564 24 47519 294
565 23 76039 477
566 19 12633 63
567 20 31658 133
568 26 2730 12
569 26 25269 106
570 21 1294 5
571 20 157821 985
572 25 175440 981
573 21 1914 8
574 18 11079 47
575 27 24654 104
576 16 378 1
577 23 218367 1211
578 23 41490 309
579 28 88559 464
580 22 149444 855
581
582 23 89420 509
583 20 3011 15
584 20 148475 890
585 24 170342 839
586 25 41584 229
587 25 692819 3589
588 20 6343 27
589 20 6915 28
590 20 10815 45
591 23 1161 4
592 23 166988 886
593 24 44440 187
594 17 322 1
595 18 57 0
596 20 12954 55
597
598 17 84 0
599 23 3671 15
600 16 1607 7
601 28 89549 537
602 21 25086 106
603 23 5246 22
604
605 15 172 1
606
607 16 36808 155
608 25 8068 34
609 23 6374 27
610 23 210665 1281
611 25 490560 2543
612
613 25 164493 952
614 24 25015 114
615 22 378 1
616 24 12527 52
617
618 21 38985 164
619 22 321756 1782
620 16 110 1
621 25 47512 203
622 25 21654 91
623 21 4946 20
624 21 5146 21
625 20 42558 179
626 22 11974 50
627 19 164 1
628 18 20212 85
629 24 39960 168
630 17 22948 96
631 15 117 0
632 25 10672 44
633 21 47534 201
634 23 9867 42
635 25 612659 3038
636 24 200288 1122
637 18 2033 8
638 16 228 1
639 26 615975 2966
640 27 203001 866
641 19 10715 45
642 25 84777 536
643 20 10324 43
644 19 42721 183
645
646 20 99754 613
647 20 14935 63
648 21 81379 510
649 20 303284 1584
650 23 82929 491
651 21 6129 25
652 24 179550 855
653 19 132 1
654 25 67660 289
655 19 5692 24
656 23 607994 2923
657 18 37872 159
658 25 79764 337
659 23 9788 40
660 23 7483 32
661 15 1234 5
662 26 161377 834
663 18 40617 376
664 22 51893 219
665 22 608 3
666 23 15966 67
667 22 2243 9
668 21 19049 81
669 23 143358 836
670 21 1578 6
671 20 11352 47
672 23 30546 128
673 22 39861 168
674 24 75917 439
675 25 9976 42
676 23 152254 786
677 22 132 0
678
679
680 25 144695 680
681 22 36633 154
682 24 27255 115
683 18 351 1
684 21 98728 504
685 21 4979 21
686 26 141164 799
687 26 162518 797
688 24 50526 308
689 24 82165 516
690 25 206067 1144
691 24 305898 1725
692 20 26631 113
693 20 1448 6
694 22 94991 664
695 23 87757 459
696 19 112727 560
697
698 21 418 1
699 26 94123 568
700 25 184553 939
701
702 20 2910 12
703 22 95544 624
704 22 160601 1019
705 17 653 3
706 19 435 2
707 24 675752 3519
708 24 45749 193
709 24 44315 279
710 24 663967 3342
711
712 23 47243 200
713 13 65 1
714 18 117679 597
715 18 1442 6
716 24 25177 106
717 23 1531 7
718 26 5334 22
719 25 637617 3400
720 21 48103 301
721 22 96598 612
722 22 10953 46
723 15 12865 63
724 23 35278 149
725 21 41592 175
726 21 3225 13
727
728 20 29247 124
729 18 2131 8
730 23 78725 504
731
732 22 9572 40
733 17 10808 45
734 26 368795 1894
735
736
737 16 1232 5
738 20 6169 29
739 19 90951 646
740 18 981 5
741 14 36 0
742 22 246468 1367
743
744 24 80398 612
745 22 441 2
746 18 3121 13
747 22 21428 93
748 23 40339 171
749 26 203116 1060
750 24 23917 103
751 20 45430 303
752 23 112692 648
753 22 25340 107
754 23 3848 17
755 25 238061 1166
756 22 2700 11
757 15 229 1
758
759 18 12465 161
760 19 2473 11
761 20 13011 55
762 21 179598 1011
763 28 25879 109
764 22 161184 845
765 12 23 0
766 26 298405 1612
767 22 116282 628
768
769 20 8180 34
770 19 213 1
771 13 24 1
772 23 173499 858
773
774 19 224 1
775 16 626 3
776 26 450174 2262
777 18 9723 41
778 25 7400 31
779
780 19 29554 126
781 21 48664 208
782 24 58740 373
783 18 7830 33
784 21 24079 101
785 24 168113 791
786 23 2190 10
787 21 31463 136
788 24 11083 47
789 24 59787 254
790 21 21090 89
791 25 248345 1207
792 9 26 0
793 23 8147 36
794 19 36613 156
795 26 162504 872
796 24 485390 2453
797 27 10684 44
798 20 80673 510
799 22 26187 111
800 18 2383 12
801 28 727547 3813
802 24 77537 473
803 18 140 0
804 19 77340 493
805 26 28634 212
806 15 184 0
807 12 115 0
808 21 200 0
809 15 8644 36
810 18 12524 52
811 21 22563 185
812 26 49503 213
813 23 111569 665
814 22 102153 507
815 22 4141 17
816 20 58180 246
817 26 45445 191
818
819 16 664 3
820 23 116659 623
821 23 198117 992
822 24 26533 111
823 17 9287 39
824 20 6724 32
825 24 37454 159
826 23 245274 1311
827 26 42513 183
828 23 89163 543
829 21 444 2
830 18 5770 24
831 24 740654 3804
832 18 13521 58
833 20 8396 41
834 21 10268 43
835
836
837 20 20219 85
838 18 9947 52
839 22 10933 45
840 23 46103 197
841 20 278846 1277
842 21 22385 95
843 27 106865 578
844 23 1527 7
845 23 38044 164
846 26 631328 3034
847
848 24 23713 106
849 25 40622 171
850 18 741 3
851 27 83440 502
852 24 80884 587
853 27 323840 1811
854 12 13 0
855 23 474 2
856
857 25 157234 874
858 23 24973 105
859 22 13814 58
860 22 609546 3086
861 22 5580 24
862 17 36947 156
863 24 640767 3134
864
865 24 44177 186
866 24 274684 1311
867 21 32101 136
868 19 801 3
869 24 158746 880
870 24 82048 465
871 22 53889 228
872 18 7308 31
873 17 61957 263
874 22 89777 472
875 21 53862 227
876 24 11230 181
877 24 49830 212
878
879 26 338894 1848
880 24 1702 7
881 22 23898 100
882 20 5128 21
883 25 156211 922
884 25 283140 1410
885 22 90105 383
886 18 1201 5
887 25 3103 13
888 20 5157 21
889 23 180832 1017
890 21 41260 175
891 22 25135 106
892 21 152349 774
893 22 5218 21
894 18 51118 365
895 25 23338 99
896 22 961 5
897
898 24 3214 13
899 24 308239 1599
900 24 15948 67
901 14 434 2
902 22 156119 765
903 24 164427 805
904 24 38104 162
905 16 56 0
906 22 5242 22
907 22 201663 938
908 23 374642 1879
909 19 106087 456
910 23 25980 109
911 23 51274 338
912 26 199238 1029
913 22 347552 1739
914 20 6981 30
915 19 3170 14
916 7 7 0
917 26 11218 46
918
919 21 306335 1606
920 25 45085 313
921 23 498372 2549
922 24 323002 1724
923 20 3189 14
924 22 158939 871
925 24 20488 85
926 22 6370 27
927 20 18717 82
928 23 1308 5
929 20 222054 1175
930 21 10673 44
931 21 100398 539
932 19 10460 44
933 24 29336 124
934 18 2314 10
935 22 14535 61
936 25 84097 356
937 25 200092 964
938 22 25838 108
939 24 461125 2493
940 22 94314 560
941 24 51097 217
942 22 149902 847
943 27 308670 1789
944 22 13067 55
945 16 308 1
946
947 25 177145 888
948 21 93648 509
949 20 5984 24
950
951 22 5824 24
952 24 191001 982
953 21 294907 1510
954 24 341554 1748
955 21 9789 41
956 21 3708 16
957 21 382 2
958 24 654214 3283
959 24 195847 1110
960 25 3219 14
961 18 18194 77
962 23 116824 636
963
964 18 88 0
965 18 21551 92
966
967 18 28155 249
968 19 13033 264
969 21 3487 15
970 24 176659 916
971 22 9754 41
972 24 83284 358
973 20 147206 739
974 27 314876 1476
975 15 1288 5
976 22 10337 43
977 21 231451 1161
978 21 41006 195
979 11 31 0
980 20 2600 10
981 20 15424 64
982
983 19 490113 2464
984 24 7008 30
985 23 27612 118
986 26 675768 3254
987 22 7821 33
988 20 57292 241
989 20 13849 58
990
991 23 40548 172
992 28 389327 2051
993 24 685423 3570
994 23 456 2
995 16 3105 13
996 16 1013 4
997 24 122609 526
998 18 2437 12
999 26 165129 844
1000 24 118413 657
