1 26 41594 15828
2 19 2186 50
3 24 17400 2976
4 22 7394 534
5 21 4883 215
6 21 4550 184
7 24 17409 2923
8 24 16063 2554
9 24 16749 2812
10 24 16592 2690
11 23 7932 603
12 21 3735 119
13 21 5074 235
14 22 8362 674
15 20 3706 117
16 23 8206 650
17 21 4711 203
18 20 3951 153
19 14 281 1
20 18 1663 25
21 25 23403 5377
22 16 425 3
23 20 2515 55
24 21 4562 185
25 20 3745 121
26 20 2674 60
27 26 32948 10457
28 17 922 9
29 23 12981 1672
30 26 35884 13043
31 20 3511 103
32 19 1902 32
33 24 17188 2915
34 22 7432 523
35 25 23919 5622
36 26 42314 16862
37 26 36954 13312
38 19 1954 33
39 22 7032 469
40 19 2319 45
41 24 16604 2656
42 24 17602 2820
43 15 465 4
44 23 11141 1208
45 15 329 2
46 24 20219 3876
47 26 35277 12169
48 27 43987 18462
49 21 3985 138
50 27 46420 22025
51 22 7035 469
52 22 7764 579
53 22 7122 488
54 20 3217 89
55 25 23136 4775
56 20 3822 125
57 18 1057 12
58 17 856 9
59 23 10157 1001
60 24 20950 4253
61 10 43 1
62 21 4078 149
63 24 17446 2957
64 18 878 10
65 20 4039 146
66 24 16746 2772
67 24 16282 2575
68 26 37396 13739
69 26 34127 11606
70 25 22664 4812
71 29 77314 53936
72 24 17277 2951
73 26 40190 15899
74 22 7511 540
75 21 4570 193
76 22 7237 497
77 22 6914 457
78 21 3598 111
79 15 401 3
80 25 24611 6037
81 23 10627 1106
82 21 6021 342
83 24 18355 3360
84 25 24798 5981
85 23 12850 1626
86 26 37193 14408
87 23 10178 1011
88 22 7429 531
89 25 24689 6043
90 22 7148 506
91 19 2211 42
92 21 4496 179
93 21 5155 243
94 9 27 0
95 22 7337 523
96 17 962 10
97 25 28836 8172
98 21 4366 170
99 24 16236 2667
100 24 21158 4409
101 24 16347 2671
102 20 2440 50
103 17 909 9
104 23 12295 1475
105 20 2892 71
106 19 1820 30
107 17 832 10
108 25 22248 4925
109 17 888 8
110 22 9297 853
111 19 2049 36
112 25 24005 5695
113 18 874 9
114 22 8084 625
115 22 8771 743
116 24 16412 2672
117 18 1153 13
118 20 3330 96
119 21 4786 207
120 21 4487 182
121 20 2751 63
122 20 3067 83
123 25 20964 4290
124 25 22982 5170
125 26 37200 13723
126 26 36863 13339
127 26 34765 10442
128 17 796 8
129 17 826 8
130 20 2520 61
131 21 4484 180
132 23 13142 1699
133 23 10224 1020
134 17 851 9
135 19 1939 39
136 15 358 2
137 19 2235 42
138 23 12820 1643
139 19 2320 45
140 23 11054 1176
141 19 2224 40
142 22 7205 495
143 22 7591 564
144 21 5497 284
145 24 17220 2943
146 22 6341 379
147 24 16182 2612
148 28 59058 32436
149 23 10363 1057
150 27 43041 17897
151 25 27132 7051
152 24 20559 4131
153 27 48852 23316
154 24 17265 2961
155 17 923 10
156 26 35436 12867
157 22 7370 645
158 18 1446 21
159 26 34942 11850
160 20 2747 65
161 16 560 5
162 25 26651 6993
163 28 71620 46583
164 21 4022 141
165 24 16725 2747
166 25 24760 5963
167 26 35573 11190
168 19 1916 32
169 18 886 10
170 24 16922 2798
171 23 11527 1300
172 18 1028 11
173 17 972 11
174 19 2146 39
175 22 7919 607
176 21 4750 209
177 25 23190 5268
178 20 3987 139
179 19 1768 28
180 23 11369 1276
181 17 848 9
182 21 4459 173
183 26 33856 10116
184 20 3206 87
185 28 59962 36274
186 20 3720 119
187 24 16287 2656
188 22 7227 494
189 29 88524 67498
190 21 5461 275
191 26 36835 12010
192 26 35889 12755
193 24 17221 2886
194 23 9482 852
195 19 2395 49
196 21 4705 197
197 25 22635 5095
198 22 9002 771
199 21 4753 200
200 24 16697 2765
201 27 41292 17146
202 26 35612 12692
203 23 9885 958
204 20 2309 45
205 29 82487 59451
206 23 11807 1351
207 24 18074 3210
208 21 4894 214
209 24 22107 4792
210 18 1215 17
211 18 1003 11
212 26 36476 13109
213 25 25143 6213
214 23 8465 691
215 24 16814 2757
216 29 89953 70003
217 21 4612 196
218 24 16637 2776
219 22 7556 561
220 19 2013 34
221 25 24955 6092
222 22 9343 845
223 21 4147 150
224 22 6433 387
225 12 131 1
226 23 8790 754
227 25 24056 5605
228 19 1994 34
229 20 3481 104
230 22 8536 713
231 26 35150 12142
232 26 35732 13057
233 20 3198 90
234 14 193 1
235 16 483 4
236 18 1075 12
237 26 37402 13574
238 25 24333 5862
239 23 12832 1621
240 19 1876 31
241 28 60632 35678
242 22 6914 464
243 24 22894 5014
244 25 25901 6581
245 20 3779 123
246 26 37522 14510
247 18 1206 21
248 23 10604 1078
249 21 5127 253
250 28 60842 33996
251 15 452 4
252 19 1763 28
253 21 4118 150
254 23 12620 1556
255 22 7301 508
256 25 23254 5390
257 20 2788 67
258 12 101 0
259 19 1988 33
260 19 2049 37
261 21 4808 213
262 22 7463 531
263 24 17125 2891
264 18 1238 15
265 16 480 4
266 24 17050 2900
267 25 24566 5830
268 20 3561 112
269 26 36648 13214
270 26 35536 12240
271 18 1041 12
272 22 6839 453
273 18 1275 16
274 24 21100 4355
275 18 1194 15
276 20 3882 129
277 17 813 8
278 27 57458 29598
279 23 11632 1328
280 22 7215 499
281 28 59405 30741
282 23 11030 1177
283 24 16264 2681
284 18 908 10
285 22 7617 554
286 25 24746 5973
287 27 42545 17331
288 23 11076 1178
289 22 7574 536
290 18 1192 14
291 13 140 1
292 24 16338 2694
293 19 2001 41
294 18 1463 20
295 21 3798 129
296 20 3107 84
297 26 43372 18153
298 22 7320 510
299 28 71996 47006
300 23 11719 1351
301 23 10639 1096
302 26 35781 12905
303 18 1159 13
304 24 17039 2844
305 20 4017 139
306 23 10025 995
307 12 109 0
308 11 79 1
309 20 2508 52
310 24 18177 3280
311 19 1934 34
312 21 5202 267
313 20 4068 145
314 22 6995 463
315 19 2144 40
316 24 17116 2845
317 23 11394 1405
318 18 964 10
319 22 8353 684
320 22 8879 760
321 23 8970 769
322 26 37347 12839
323 23 11220 1253
324 22 6061 353
325 24 16192 2598
326 23 11477 1270
327 20 3675 286
328 27 47693 21938
329 24 17417 3023
330 19 2536 174
331 22 9677 914
332 22 9199 786
333 22 7592 541
334 28 57371 32823
335 22 6066 342
336 24 16113 2529
337 20 2985 77
338 24 16001 2535
339 25 26254 6702
340 24 16051 2560
341 27 42509 17830
342 24 16700 2771
343 16 502 4
344 21 4314 165
345 26 37561 14571
346 22 7652 560
347 24 16774 2781
348 23 11189 1233
349 28 62625 40338
350 26 35256 11838
351 23 10764 1108
352 24 22278 4855
353 26 34694 12031
354 26 42282 16388
355 24 15574 2379
356 17 869 9
357 22 9126 833
358 27 43562 18766
359 22 8148 645
360 23 11710 1359
361 22 5789 313
362 24 16811 2787
363 17 766 7
364 25 26094 6331
365 16 454 3
366 25 22666 5020
367 21 5745 315
368 22 7714 569
369 22 7946 592
370 24 16939 2825
371 18 843 8
372 24 16282 2524
373 24 18948 3517
374 23 13177 1696
375 24 18255 3232
376 23 9845 1010
377 26 34607 11082
378 20 2945 73
379 23 9811 946
380 24 17297 2932
381 19 1720 25
382 24 16463 2735
383 25 28099 7925
384 22 8775 748
385 27 48894 22900
386 21 4442 202
387 25 25693 6592
388 26 41329 16501
389 26 26119 6826
390 26 33227 11155
391 21 5667 303
392 22 7475 536
393 25 23946 5718
394 20 3504 115
395 20 2600 56
396 22 7785 577
397 23 9190 830
398 13 186 1
399 24 17035 2860
400 25 22905 5238
401 26 36776 13226
402 25 29625 8654
403 23 12209 1467
404 21 4004 142
405 26 41533 16309
406 23 13199 1695
407 17 966 15
408 23 12905 1651
409 26 35150 12038
410 15 333 3
411 18 1701 26
412 18 977 12
413 22 7890 604
414 20 3684 117
415 23 11499 1307
416 23 9907 941
417 23 11935 1401
418 17 1020 11
419 20 1845 30
420 22 6874 459
421 17 618 5
422 21 5183 269
423 22 7804 592
424 16 490 4
425 24 17124 2854
426 20 3809 122
427 20 3235 87
428 28 56191 30269
429 21 5260 253
430 26 37697 13964
431 22 8182 653
432 20 3613 142
433 22 7400 523
434 15 468 4
435 24 16678 2706
436 24 14953 2243
437 24 21663 4455
438 20 3102 86
439 21 4984 228
440 21 5448 267
441 25 24963 6157
442 22 7828 584
443 21 5103 260
444 21 4315 166
445 24 16924 2882
446 22 8671 719
447 26 36737 13565
448 24 17503 3012
449 22 6219 375
450 23 11790 1353
451 22 7680 564
452 21 4049 143
453 26 38037 14011
454 26 36385 13634
455 21 4778 208
456 25 21971 4720
457 25 28390 7938
458 16 431 3
459 16 519 4
460 25 25170 6162
461 21 5071 236
462 25 23266 5457
463 17 949 10
464 25 20944 4404
465 24 16268 2661
466 26 35551 12222
467 23 12061 1444
468 20 2463 53
469 21 4208 159
470 22 6254 374
471 21 5239 253
472 20 2220 53
473 24 19566 3868
474 27 43854 18285
475 26 38063 13786
476 17 915 10
477 23 8942 756
478 24 17322 2952
479 22 7724 703
480 21 4533 182
481 21 4068 147
482 20 2781 64
483 27 41064 16776
484 24 17548 3032
485 23 10842 1180
486 26 37055 13857
487 23 10570 1115
488 21 4717 199
489 25 24315 5759
490 19 2104 38
491 23 12245 1465
492 20 3474 101
493 25 22412 4861
494 25 23996 5649
495 20 2431 50
496 16 613 5
497 20 3407 103
498 24 17374 2966
499 21 4165 153
500 27 39777 14597
501 21 5300 274
502 20 3869 131
503 26 37586 12794
504 19 2249 43
505 23 11019 1194
506 24 17643 3061
507 21 6062 344
508 19 1859 38
509 25 26589 6903
510 18 1668 25
511 20 3496 106
512 16 671 6
513 22 7770 615
514 24 17877 3113
515 20 3347 212
516 25 23136 4863
517 17 852 9
518 21 5148 242
519 21 3780 122
520 25 26374 6337
521 25 24454 5769
522 20 2815 65
523 27 41466 17013
524 20 2807 67
525 24 20203 3971
526 20 3161 85
527 16 452 3
528 18 1190 15
529 24 16379 2638
530 23 12052 1399
531 21 4358 171
532 24 16188 2633
533 22 7274 513
534 19 2293 45
535 24 16574 2693
536 24 17529 2988
537 15 251 2
538 22 7179 483
539 19 1761 29
540 24 17129 2903
541 23 10562 1071
542 24 16245 2619
543 19 1821 29
544 25 23135 5138
545 22 7692 564
546 29 78656 61953
547 19 2294 45
548 23 10667 1110
549 23 12677 1558
550 24 16435 2661
551 18 1250 18
552 26 43614 17862
553 23 10199 1004
554 25 24414 5909
555 18 1013 13
556 20 3852 128
557 20 3650 115
558 27 46658 21792
559 25 27020 7068
560 26 37376 13773
561 20 2992 75
562 21 3601 113
563 24 16710 2769
564 24 17085 2886
565 23 11337 1243
566 19 1721 30
567 20 3250 98
568 26 34812 12036
569 26 35110 12125
570 21 4263 160
571 20 3679 119
572 25 21894 4677
573 21 5000 232
574 18 1397 19
575 27 41846 17514
576 16 532 4
577 23 10837 1150
578 23 10667 1127
579 28 58509 32255
580 22 8560 705
581 26 38018 14200
582 23 11637 1300
583 20 2970 75
584 20 4038 144
585 24 16636 2706
586 25 23398 5419
587 25 24429 5771
588 20 3029 89
589 20 2949 75
590 20 2657 59
591 23 9854 942
592 23 10504 1059
593 24 16412 2661
594 17 901 9
595 18 1140 14
596 20 2988 75
597 27 46616 21763
598 17 888 8
599 23 9082 790
600 16 444 4
601 28 71124 47297
602 21 3645 128
603 23 10573 1069
604 26 34627 11687
605 15 330 2
606 24 17803 3106
607 16 672 7
608 25 21415 4528
609 23 10379 1140
610 23 11404 1268
611 25 22115 4793
612 25 23417 5209
613 25 24446 5977
614 24 17343 2976
615 22 5851 323
616 24 16546 2717
617 28 60302 31801
618 21 5184 249
619 22 8078 625
620 16 419 3
621 25 22848 5161
622 25 22318 4952
623 21 3791 121
624 21 4832 204
625 20 3158 83
626 22 7480 524
627 19 1762 28
628 18 1343 17
629 24 17312 2922
630 17 852 9
631 15 274 2
632 25 22497 5081
633 21 4565 186
634 23 10085 978
635 25 24288 5746
636 24 17155 2893
637 18 1387 18
638 16 472 3
639 26 36563 13008
640 27 44008 18049
641 19 2276 43
642 25 22183 4916
643 20 3613 130
644 19 2406 47
645 26 42235 16150
646 20 3157 84
647 20 2997 83
648 21 4199 155
649 20 3625 120
650 25 24655 5923
651 21 3881 155
652 24 16811 2801
653 19 1682 25
654 25 25685 6505
655 19 1832 29
656 23 10390 1033
657 18 1385 18
658 25 24522 5935
659 23 11317 1270
660 23 10100 985
661 15 416 3
662 26 36026 13186
663 18 952 10
664 22 7497 529
665 22 6478 394
666 23 9626 891
667 22 5995 343
668 21 4369 176
669 23 10658 1108
670 21 4681 191
671 20 2563 57
672 23 9784 931
673 22 7240 503
674 24 16980 2795
675 25 23636 5572
676 23 10940 1149
677 22 5985 343
678 26 37569 13717
679 22 7341 514
680 25 25523 6451
681 22 8091 609
682 24 16015 2537
683 18 1173 13
684 21 4048 141
685 21 4734 200
686 26 35163 12153
687 26 36984 13438
688 24 16533 2716
689 24 21648 4470
690 25 22613 5019
691 24 16587 2652
692 20 3127 86
693 20 3743 117
694 22 9343 844
695 23 10742 1133
696 19 2448 52
697 25 25369 6231
698 21 4168 156
699 26 35486 12615
700 25 23715 5577
701 28 60805 37461
702 20 2724 61
703 22 7389 526
704 22 8844 753
705 17 806 8
706 19 1656 27
707 24 17674 3074
708 24 16012 2552
709 24 16168 2592
710 24 18001 3177
711 26 42336 15956
712 23 9825 938
713 13 121 1
714 18 1752 27
715 18 1185 14
716 24 17223 2899
717 23 10121 1001
718 26 35460 12649
719 25 22828 5119
720 21 3953 136
721 22 7945 609
722 22 7613 571
723 15 433 3
724 23 10783 1163
725 21 3790 134
726 21 4206 154
727 28 64602 38778
728 20 3068 79
729 18 1613 24
730 23 10634 1112
731 21 5105 240
732 22 8159 621
733 17 842 8
734 26 38058 14105
735 26 37435 13647
736 28 58582 32432
737 16 537 5
738 20 2742 63
739 19 2272 44
740 18 860 8
741 14 169 1
742 22 8104 646
743 25 29337 8485
744 24 17762 3117
745 22 8338 655
746 18 954 10
747 22 7241 508
748 23 10814 1167
749 26 37347 12778
750 24 16418 2699
751 20 3416 102
752 23 11341 1247
753 22 7777 588
754 23 11353 1258
755 25 23179 5254
756 22 7154 497
757 15 386 3
758 25 25513 6342
759 18 1106 12
760 19 1926 31
761 20 3682 114
762 21 5182 251
763 28 60842 37486
764 22 7784 582
765 12 103 1
766 26 35879 12360
767 22 7832 575
768 27 45842 20671
769 20 2820 69
770 19 1737 26
771 13 123 1
772 23 11533 1280
773 26 44641 18345
774 19 1901 32
775 16 471 3
776 26 36283 11150
777 18 1510 21
778 25 21684 4761
779 24 16364 2628
780 19 2393 48
781 21 4501 183
782 24 17019 2913
783 18 898 10
784 21 4278 159
785 24 21188 4328
786 23 10217 1032
787 21 4106 149
788 24 13980 1958
789 24 16719 2772
790 21 4413 172
791 25 22787 5061
792 9 35 0
793 23 9059 784
794 19 2533 56
795 26 43889 18566
796 24 16263 2614
797 27 40480 16053
798 20 3158 84
799 22 6415 388
800 18 1016 11
801 28 59120 31547
802 24 16003 2539
803 18 906 13
804 19 2472 52
805 26 35168 12157
806 15 264 1
807 12 94 1
808 21 4996 230
809 15 435 4
810 20 3362 97
811 21 3664 115
812 26 27332 7252
813 23 11880 1388
814 22 7878 595
815 22 7169 484
816 20 2941 73
817 26 35909 12839
818 25 24348 5793
819 16 402 3
820 23 12044 1429
821 23 10670 1079
822 24 21091 4346
823 17 1019 11
824 20 2267 43
825 24 16553 2759
826 23 12013 1408
827 26 32323 10790
828 23 10691 1132
829 21 3455 104
830 18 1656 25
831 24 18088 3195
832 18 1212 17
833 20 2839 84
834 21 4528 215
835 28 64641 38119
836 24 17495 3045
837 20 3027 76
838 18 1704 26
839 22 7402 539
840 23 11096 1216
841 20 3425 100
842 21 4687 284
843 27 40303 15935
844 23 9057 796
845 23 11110 1244
846 26 42713 17574
847 24 18008 3145
848 24 16214 2614
849 25 24379 5836
850 18 1500 30
851 27 47928 23484
852 24 16681 2764
853 27 44425 18860
854 12 62 1
855 23 8300 658
856 23 10904 1142
857 25 23280 5223
858 23 10911 1163
859 22 7208 495
860 22 7409 528
861 22 7095 476
862 17 985 10
863 24 17006 2861
864 23 12676 1549
865 24 13805 1865
866 24 17587 2999
867 21 4313 164
868 19 2017 36
869 24 19556 3784
870 24 16755 2745
871 22 7793 592
872 18 919 9
873 17 874 9
874 22 7578 546
875 21 4484 178
876 26 41436 17535
877 24 17607 3066
878 23 11044 1181
879 26 34658 10484
880 24 17805 3133
881 22 7605 560
882 20 2263 42
883 25 24904 6183
884 25 24080 5640
885 22 7609 561
886 18 1114 13
887 25 21400 4427
888 20 2874 69
889 23 9705 912
890 21 5204 253
891 22 7054 466
892 21 4636 190
893 22 8450 684
894 18 1628 25
895 27 41015 16487
896 22 7642 559
897 26 38683 14535
898 24 16168 2600
899 24 17645 2999
900 24 16297 2584
901 14 230 1
902 22 9786 924
903 24 19938 3875
904 24 15825 2482
905 16 428 3
906 22 7001 467
907 22 7397 519
908 23 12937 1645
909 19 2079 38
910 23 10326 1062
911 23 11309 1252
912 26 36386 12668
913 22 7675 555
914 20 2483 52
915 19 2218 41
916 7 7 0
917 26 35580 12458
918 27 45489 20490
919 21 5233 257
920 25 22823 5185
921 23 12488 1556
922 24 18079 3201
923 20 3486 103
924 22 7408 521
925 24 17174 2910
926 22 6784 441
927 20 2973 76
928 23 8808 748
929 20 3528 109
930 21 4371 170
931 21 4577 190
932 19 2126 38
933 24 16539 2712
934 18 1156 15
935 22 7096 488
936 25 22425 4913
937 25 23985 5597
938 22 7484 541
939 24 18447 3396
940 22 7980 605
941 24 16391 2624
942 22 7744 573
943 27 42362 17616
944 22 7673 563
945 16 471 3
946 28 54719 28540
947 25 27039 7071
948 21 3887 131
949 20 2722 62
950 24 18147 3199
951 22 8413 700
952 24 16067 2462
953 21 5746 336
954 24 17083 2852
955 21 3737 122
956 21 5149 249
957 21 5075 239
958 24 18219 3188
959 24 21017 4373
960 25 21777 4727
961 18 1417 18
962 23 11381 1283
963 25 23963 5579
964 18 923 9
965 18 1178 15
966 24 18049 3193
967 18 1831 30
968 19 1739 28
969 21 3657 115
970 24 17265 2902
971 22 7936 596
972 24 16929 2845
973 20 2734 64
974 27 42456 18587
975 15 367 3
976 22 7220 493
977 21 5132 245
978 21 5599 290
979 11 60 0
980 20 4007 144
981 20 3143 83
982 29 78723 57720
983 19 2430 51
984 24 16928 2866
985 23 10739 1126
986 26 42577 18555
987 22 8648 713
988 20 3166 85
989 20 3697 116
990 27 42208 17525
991 23 9962 950
992 28 64046 37989
993 24 16939 2840
994 23 10332 1039
995 16 565 6
996 16 566 4
997 24 17095 2887
998 18 1020 11
999 26 40454 15676
1000 24 17231 2896
